Municipios;Postos;Latitude;Longitude;Anos;Meses;Total;Dia1;Dia2;Dia3;Dia4;Dia5;Dia6;Dia7;Dia8;Dia9;Dia10;Dia11;Dia12;Dia13;Dia14;Dia15;Dia16;Dia17;Dia18;Dia19;Dia20;Dia21;Dia22;Dia23;Dia24;Dia25;Dia26;Dia27;Dia28;Dia29;Dia30;Dia31
São Gonçalo do Amarante;SANTO AMARO;-3.5541666666667;-38.874722222222;2014;12;15.3;0.0;0.0;0.0;1.0;0.0;2.4;0.0;0.0;1.4;0.0;0.0;0.0;2.2;0.0;0.0;8.3;0.0;0.0;0.0;0.0;0.0;0.0;0.0;0.0;0.0;0.0;0.0;0.0;0.0;0.0;0.0
São Gonçalo do Amarante;SANTO AMARO;-3.5541666666667;-38.874722222222;2015;1;107.5;0.0;0.0;0.0;51.0;0.0;0.0;0.0;42.0;0.0;0.0;9.0;1.2;0.0;0.0;0.0;0.0;0.0;4.3;0.0;0.0;0.0;0.0;0.0;0.0;0.0;0.0;0.0;0.0;0.0;0.0;0.0
São Gonçalo do Amarante;SANTO AMARO;-3.5541666666667;-38.874722222222;2015;2;226.2;0.0;0.0;1.4;0.0;1.0;0.0;0.0;0.0;0.0;0.0;0.0;0.0;0.0;0.0;0.0;0.0;4.0;2.0;0.0;2.2;4.1;80.3;0.0;48.0;51.0;32.2;0.0;0.0;888.0;888.0;888.0
São Gonçalo do Amarante;SANTO AMARO;-3.5541666666667;-38.874722222222;2015;3;255.1;0.0;16.3;21.1;8.2;0.0;11.0;16.0;0.0;0.0;10.2;23.1;0.0;1.2;0.0;0.0;0.0;0.0;0.0;3.6;0.0;0.0;32.2;45.0;13.0;0.0;10.1;27.0;0.0;1.1;2.0;14.0
São Gonçalo do Amarante;SANTO AMARO;-3.5541666666667;-38.874722222222;2015;4;301.3;17.2;0.0;0.0;50.0;10.1;0.0;0.0;0.0;1.2;22.1;6.0;33.2;7.0;33.3;54.2;3.0;0.0;0.0;0.0;11.0;0.0;0.0;9.0;26.0;11.0;1.0;0.0;0.0;6.0;0.0;888.0
São Gonçalo do Amarante;SANTO AMARO;-3.5541666666667;-38.874722222222;2015;5;102.9;0.0;14.0;0.0;2.1;0.0;0.0;0.0;0.0;7.2;2.0;0.0;0.0;0.0;10.3;2.1;0.0;12.0;0.0;0.0;0.0;0.0;1.2;9.3;2.3;0.0;9.0;15.0;2.3;0.0;0.0;14.1
São Gonçalo do Amarante;SANTO AMARO;-3.5541666666667;-38.874722222222;2015;6;150.2;9.1;0.0;4.0;15.2;37.0;0.0;0.0;8.0;0.0;0.0;0.0;0.0;0.0;0.0;8.2;0.0;0.0;0.0;0.0;0.0;5.0;0.0;1.4;4.3;0.0;4.0;0.0;0.0;51.0;3.0;888.0
São Gonçalo do Amarante;SANTO AMARO;-3.5541666666667;-38.874722222222;2015;7;92.3;5.0;0.0;4.4;18.3;9.0;34.2;0.0;0.0;0.0;0.0;0.0;0.0;0.0;0.0;0.0;0.0;17.1;0.0;0.0;0.0;0.0;0.0;0.0;1.2;0.0;0.0;0.0;0.0;3.1;0.0;0.0
São Gonçalo do Amarante;SANTO AMARO;-3.5541666666667;-38.874722222222;2015;8;2.0;2.0;0.0;0.0;0.0;0.0;0.0;0.0;0.0;0.0;0.0;0.0;0.0;0.0;0.0;0.0;0.0;0.0;0.0;0.0;0.0;0.0;0.0;0.0;0.0;0.0;0.0;0.0;0.0;0.0;0.0;0.0
São Gonçalo do Amarante;SANTO AMARO;-3.5541666666667;-38.874722222222;2015;9;2.1;0.0;0.0;1.1;0.0;0.0;1.0;0.0;0.0;0.0;0.0;0.0;0.0;0.0;0.0;0.0;0.0;0.0;0.0;0.0;0.0;0.0;0.0;0.0;0.0;0.0;0.0;0.0;0.0;0.0;0.0;888.0
São Gonçalo do Amarante;SANTO AMARO;-3.5541666666667;-38.874722222222;2015;10;0.0;0.0;0.0;0.0;0.0;0.0;0.0;0.0;0.0;0.0;0.0;0.0;0.0;0.0;0.0;0.0;0.0;0.0;0.0;0.0;0.0;0.0;0.0;0.0;0.0;0.0;0.0;0.0;0.0;0.0;0.0;0.0
São Gonçalo do Amarante;SANTO AMARO;-3.5541666666667;-38.874722222222;2015;11;1.1;0.0;0.0;0.0;0.0;0.0;0.0;0.0;0.0;0.0;0.0;0.0;0.0;0.0;0.0;0.0;1.1;0.0;0.0;0.0;0.0;0.0;0.0;0.0;0.0;0.0;0.0;0.0;0.0;0.0;0.0;888.0
São Gonçalo do Amarante;SANTO AMARO;-3.5541666666667;-38.874722222222;2015;12;33.4;0.0;0.0;0.0;0.0;0.0;0.0;0.0;1.2;1.4;5.2;0.0;0.0;0.0;0.0;0.0;0.0;2.1;3.3;0.0;0.0;1.3;0.0;0.0;1.0;1.3;3.0;0.0;12.3;1.3;0.0;0.0
São Gonçalo do Amarante;SANTO AMARO;-3.5541666666667;-38.874722222222;2016;1;234.1;0.0;0.0;0.0;0.0;0.0;0.0;0.0;10.1;24.0;5.3;15.3;1.3;0.0;0.0;0.0;0.0;0.0;0.0;10.2;17.0;15.0;53.0;4.2;21.0;35.4;18.0;0.0;0.0;0.0;4.3;0.0
São Gonçalo do Amarante;SANTO AMARO;-3.5541666666667;-38.874722222222;2016;2;205.5;0.0;23.3;10.0;0.0;1.1;1.0;2.0;2.2;0.0;0.0;0.0;0.0;0.0;0.0;0.0;0.0;0.0;3.2;10.3;59.0;37.0;3.0;6.2;34.0;0.0;2.0;0.0;5.2;6.0;888.0;888.0
São Gonçalo do Amarante;SANTO AMARO;-3.5541666666667;-38.874722222222;2016;3;330.5;1.1;0.0;6.3;0.0;0.0;0.0;0.0;0.0;0.0;0.0;0.0;0.0;0.0;98.0;27.2;8.0;16.0;46.0;0.0;0.0;0.0;37.4;0.0;0.0;0.0;0.0;30.0;20.0;2.2;13.3;25.0
São Gonçalo do Amarante;SANTO AMARO;-3.5541666666667;-38.874722222222;2016;4;491.0;35.2;54.0;66.0;6.0;20.0;10.0;23.0;78.0;10.0;6.2;7.0;11.2;0.0;3.2;0.0;23.0;2.0;0.0;0.0;0.0;0.0;82.0;37.2;0.0;0.0;0.0;0.0;0.0;17.0;0.0;888.0
São Gonçalo do Amarante;SANTO AMARO;-3.5541666666667;-38.874722222222;2016;5;157.4;0.0;0.0;15.0;0.0;19.0;5.3;0.0;0.0;42.3;15.0;12.0;9.0;8.3;0.0;5.0;0.0;0.0;4.0;0.0;0.0;0.0;2.0;1.2;0.0;0.0;0.0;16.0;0.0;0.0;2.0;1.3
São Gonçalo do Amarante;SANTO AMARO;-3.5541666666667;-38.874722222222;2016;6;13.0;3.3;0.0;1.0;0.0;1.5;0.0;0.0;0.0;0.0;0.0;3.2;4.0;0.0;0.0;0.0;0.0;0.0;0.0;0.0;0.0;0.0;0.0;0.0;0.0;0.0;0.0;0.0;0.0;0.0;0.0;888.0
São Gonçalo do Amarante;SANTO AMARO;-3.5541666666667;-38.874722222222;2016;7;25.0;0.0;0.0;0.0;0.0;0.0;0.0;0.0;0.0;18.0;0.0;0.0;0.0;0.0;0.0;0.0;0.0;0.0;0.0;7.0;0.0;0.0;0.0;0.0;0.0;0.0;0.0;0.0;0.0;0.0;0.0;0.0
São Gonçalo do Amarante;SANTO AMARO;-3.5541666666667;-38.874722222222;2016;8;0.0;0.0;0.0;0.0;0.0;0.0;0.0;0.0;0.0;0.0;0.0;0.0;0.0;0.0;0.0;0.0;0.0;0.0;0.0;0.0;0.0;0.0;0.0;0.0;0.0;0.0;0.0;0.0;0.0;0.0;0.0;0.0
São Gonçalo do Amarante;SANTO AMARO;-3.5541666666667;-38.874722222222;2016;9;19.1;0.0;0.0;0.0;0.0;0.0;0.0;0.0;0.0;0.0;0.0;18.0;0.0;0.0;0.0;0.0;1.1;0.0;0.0;0.0;0.0;0.0;0.0;0.0;0.0;0.0;0.0;0.0;0.0;0.0;0.0;888.0
São Gonçalo do Amarante;SANTO AMARO;-3.5541666666667;-38.874722222222;2016;10;0.0;0.0;0.0;0.0;0.0;0.0;0.0;0.0;0.0;0.0;0.0;0.0;0.0;0.0;0.0;0.0;0.0;0.0;0.0;0.0;0.0;0.0;0.0;0.0;0.0;0.0;0.0;0.0;0.0;0.0;0.0;0.0
São Gonçalo do Amarante;SANTO AMARO;-3.5541666666667;-38.874722222222;2016;11;0.0;0.0;0.0;0.0;0.0;0.0;0.0;0.0;0.0;0.0;0.0;0.0;0.0;0.0;0.0;0.0;0.0;0.0;0.0;0.0;0.0;0.0;0.0;0.0;0.0;0.0;0.0;0.0;0.0;0.0;0.0;888.0
São Gonçalo do Amarante;SANTO AMARO;-3.5541666666667;-38.874722222222;2016;12;6.4;0.0;0.0;0.0;0.0;0.0;0.0;0.0;0.0;0.0;0.0;0.0;0.0;0.0;0.0;0.0;0.0;0.0;5.0;0.0;0.0;0.0;0.0;0.0;0.0;0.0;0.0;0.0;0.0;1.4;0.0;0.0
São Gonçalo do Amarante;SANTO AMARO;-3.5541666666667;-38.874722222222;2017;1;170.8;0.0;0.0;2.0;6.3;7.0;0.0;0.0;12.2;24.2;0.0;0.0;31.2;0.0;0.0;2.0;0.0;0.0;0.0;27.0;22.3;4.1;0.0;4.0;0.0;0.0;0.0;0.0;17.3;3.0;5.0;3.2
São Gonçalo do Amarante;SANTO AMARO;-3.5541666666667;-38.874722222222;2017;2;248.1;17.3;6.2;0.0;0.0;0.0;0.0;0.0;0.0;3.0;0.0;31.0;16.0;0.0;0.0;0.0;0.0;0.0;35.0;28.0;47.0;7.3;0.0;0.0;0.0;5.0;16.0;20.0;16.3;888.0;888.0;888.0
São Gonçalo do Amarante;SANTO AMARO;-3.5541666666667;-38.874722222222;2017;3;350.8;16.0;23.0;4.0;0.0;0.0;0.0;9.3;8.0;52.0;4.0;4.3;0.0;7.0;37.0;0.0;4.0;11.0;0.0;0.0;27.0;8.0;0.0;29.0;58.0;8.0;3.0;8.0;17.0;2.2;11.0;0.0
São Gonçalo do Amarante;SANTO AMARO;-3.5541666666667;-38.874722222222;2017;4;413.4;20.0;17.0;0.0;27.0;36.0;13.2;0.0;2.0;0.0;0.0;74.0;30.0;0.0;42.0;0.0;0.0;0.0;0.0;0.0;0.0;0.0;50.0;0.0;26.0;6.2;0.0;4.0;12.0;0.0;54.0;888.0
São Gonçalo do Amarante;SANTO AMARO;-3.5541666666667;-38.874722222222;2017;5;176.6;29.2;53.2;0.0;8.2;20.0;0.0;0.0;16.0;28.0;6.0;0.0;10.0;0.0;0.0;0.0;0.0;0.0;6.0;0.0;0.0;0.0;0.0;0.0;0.0;0.0;0.0;0.0;0.0;0.0;0.0;0.0
São Gonçalo do Amarante;SANTO AMARO;-3.5541666666667;-38.874722222222;2017;6;92.4;0.0;0.0;0.0;0.0;0.0;0.0;0.0;0.0;0.0;0.0;0.0;0.0;5.0;0.0;3.0;17.0;0.0;0.0;58.0;0.0;0.0;0.0;0.0;2.2;0.0;0.0;0.0;0.0;0.0;7.2;888.0
São Gonçalo do Amarante;SANTO AMARO;-3.5541666666667;-38.874722222222;2017;7;64.6;0.0;0.0;5.0;0.0;0.0;10.0;5.2;0.0;0.0;0.0;0.0;0.0;0.0;0.0;0.0;0.0;0.0;0.0;0.0;2.2;34.2;8.0;0.0;0.0;0.0;0.0;0.0;0.0;0.0;0.0;0.0
São Gonçalo do Amarante;SANTO AMARO;-3.5541666666667;-38.874722222222;2017;8;0.0;0.0;0.0;0.0;0.0;0.0;0.0;0.0;0.0;0.0;0.0;0.0;0.0;0.0;0.0;0.0;0.0;0.0;0.0;0.0;0.0;0.0;0.0;0.0;0.0;0.0;0.0;0.0;0.0;0.0;0.0;0.0
São Gonçalo do Amarante;SANTO AMARO;-3.5541666666667;-38.874722222222;2017;9;0.0;0.0;0.0;0.0;0.0;0.0;0.0;0.0;0.0;0.0;0.0;0.0;0.0;0.0;0.0;0.0;0.0;0.0;0.0;0.0;0.0;0.0;0.0;0.0;0.0;0.0;0.0;0.0;0.0;0.0;0.0;888.0
São Gonçalo do Amarante;SANTO AMARO;-3.5541666666667;-38.874722222222;2017;10;0.0;0.0;0.0;0.0;0.0;0.0;0.0;0.0;0.0;0.0;0.0;0.0;0.0;0.0;0.0;0.0;0.0;0.0;0.0;0.0;0.0;0.0;0.0;0.0;0.0;0.0;0.0;0.0;0.0;0.0;0.0;0.0
São Gonçalo do Amarante;SANTO AMARO;-3.5541666666667;-38.874722222222;2017;11;0.0;0.0;0.0;0.0;0.0;0.0;0.0;0.0;0.0;0.0;0.0;0.0;0.0;0.0;0.0;0.0;0.0;0.0;0.0;0.0;0.0;0.0;0.0;0.0;0.0;0.0;0.0;0.0;0.0;0.0;0.0;888.0
São Gonçalo do Amarante;SANTO AMARO;-3.5541666666667;-38.874722222222;2017;12;15.3;0.0;0.0;0.0;0.0;0.0;0.0;0.0;0.0;0.0;0.0;0.0;0.0;0.0;0.0;0.0;0.0;0.0;0.0;0.0;0.0;10.0;0.0;5.3;0.0;0.0;0.0;0.0;0.0;0.0;0.0;0.0
São Gonçalo do Amarante;SANTO AMARO;-3.5541666666667;-38.874722222222;2018;1;111.1;0.0;0.0;0.0;0.0;0.0;1.2;0.0;0.0;2.1;2.3;8.0;0.0;0.0;5.0;0.0;30.0;0.0;11.0;10.3;0.0;0.0;0.0;0.0;0.0;22.0;0.0;0.0;18.0;1.2;0.0;0.0
São Gonçalo do Amarante;SANTO AMARO;-3.5541666666667;-38.874722222222;2018;2;269.5;0.0;0.0;6.0;2.0;0.0;8.2;1.3;15.0;0.0;0.0;1.0;11.0;37.0;0.0;70.2;0.0;9.3;17.0;18.0;2.0;0.0;9.0;2.3;5.2;46.0;9.0;0.0;0.0;888.0;888.0;888.0
São Gonçalo do Amarante;SANTO AMARO;-3.5541666666667;-38.874722222222;2018;3;138.7;16.0;4.0;0.0;2.2;0.0;0.0;0.0;12.2;0.0;29.0;3.0;0.0;0.0;0.0;0.0;0.0;0.0;0.0;0.0;4.3;0.0;0.0;1.3;2.0;0.0;9.2;13.0;38.0;3.2;1.3;0.0
São Gonçalo do Amarante;SANTO AMARO;-3.5541666666667;-38.874722222222;2018;4;253.9;9.0;3.0;9.3;0.0;15.0;0.0;0.0;2.0;0.0;7.0;5.0;10.2;0.0;2.0;0.0;63.0;40.0;5.2;0.0;0.0;0.0;27.0;0.0;4.0;0.0;18.0;0.0;5.0;2.2;27.0;888.0
São Gonçalo do Amarante;SANTO AMARO;-3.5541666666667;-38.874722222222;2018;5;157.6;6.0;49.0;0.0;0.0;0.0;36.0;7.2;0.0;2.1;0.0;3.0;0.0;0.0;0.0;0.0;0.0;1.3;38.0;0.0;0.0;0.0;0.0;0.0;7.0;0.0;8.0;0.0;0.0;0.0;0.0;0.0
São Gonçalo do Amarante;SANTO AMARO;-3.5541666666667;-38.874722222222;2018;6;68.4;0.0;0.0;0.0;0.0;0.0;33.0;0.0;11.0;1.3;0.0;0.0;0.0;0.0;0.0;0.0;0.0;0.0;6.0;14.0;0.0;0.0;0.0;0.0;0.0;3.1;0.0;0.0;0.0;0.0;0.0;888.0
São Gonçalo do Amarante;SANTO AMARO;-3.5541666666667;-38.874722222222;2018;7;165.3;0.0;0.0;0.0;0.0;0.0;0.0;77.0;35.0;0.0;21.0;18.0;7.3;0.0;0.0;0.0;0.0;0.0;0.0;0.0;0.0;0.0;0.0;0.0;0.0;0.0;0.0;0.0;7.0;0.0;0.0;0.0
São Gonçalo do Amarante;SANTO AMARO;-3.5541666666667;-38.874722222222;2018;8;10.4;2.3;6.0;0.0;0.0;0.0;0.0;0.0;0.0;0.0;2.1;0.0;0.0;0.0;0.0;0.0;0.0;0.0;0.0;0.0;0.0;0.0;0.0;0.0;0.0;0.0;0.0;0.0;0.0;0.0;0.0;0.0
São Gonçalo do Amarante;SANTO AMARO;-3.5541666666667;-38.874722222222;2018;9;0.0;0.0;0.0;0.0;0.0;0.0;0.0;0.0;0.0;0.0;0.0;0.0;0.0;0.0;0.0;0.0;0.0;0.0;0.0;0.0;0.0;0.0;0.0;0.0;0.0;0.0;0.0;0.0;0.0;0.0;0.0;888.0
São Gonçalo do Amarante;SANTO AMARO;-3.5541666666667;-38.874722222222;2018;10;6.0;2.0;0.0;0.0;0.0;0.0;0.0;0.0;0.0;0.0;0.0;0.0;0.0;0.0;0.0;4.0;0.0;0.0;0.0;0.0;0.0;0.0;0.0;0.0;0.0;0.0;0.0;0.0;0.0;0.0;0.0;0.0
São Gonçalo do Amarante;SANTO AMARO;-3.5541666666667;-38.874722222222;2018;11;0.0;0.0;0.0;0.0;0.0;0.0;0.0;0.0;0.0;0.0;0.0;0.0;0.0;0.0;0.0;0.0;0.0;0.0;0.0;0.0;0.0;0.0;0.0;0.0;0.0;0.0;0.0;0.0;0.0;0.0;0.0;888.0
São Gonçalo do Amarante;SANTO AMARO;-3.5541666666667;-38.874722222222;2018;12;298.5;28.0;0.0;0.0;1.3;0.0;4.0;0.0;0.0;0.0;20.2;1.0;0.0;8.0;0.0;104.0;0.0;6.0;29.0;0.0;0.0;0.0;0.0;87.0;10.0;0.0;0.0;0.0;0.0;0.0;0.0;0.0
São Gonçalo do Amarante;SANTO AMARO;-3.5541666666667;-38.874722222222;2019;1;197.9;0.0;0.0;0.0;0.0;0.0;0.0;0.0;6.0;4.3;5.0;0.0;0.0;0.0;32.2;7.0;4.2;0.0;28.0;51.0;50.0;0.0;0.0;3.2;0.0;0.0;0.0;7.0;0.0;0.0;0.0;0.0
São Gonçalo do Amarante;SANTO AMARO;-3.5541666666667;-38.874722222222;2019;2;331.8;62.0;16.0;0.0;0.0;4.3;0.0;9.2;25.0;0.0;0.0;0.0;0.0;7.0;5.3;0.0;2.3;0.0;0.0;0.0;0.0;17.0;60.2;5.0;111.2;2.0;5.3;0.0;0.0;888.0;888.0;888.0
São Gonçalo do Amarante;SANTO AMARO;-3.5541666666667;-38.874722222222;2019;3;519.9;0.0;0.0;23.0;52.0;3.1;24.0;58.2;16.0;11.0;7.2;0.0;4.0;72.0;16.0;0.0;91.2;0.0;0.0;0.0;0.0;0.0;11.0;57.2;4.3;39.0;1.0;0.0;7.0;5.3;4.4;13.0
São Gonçalo do Amarante;SANTO AMARO;-3.5541666666667;-38.874722222222;2019;4;436.7;33.0;36.0;0.0;88.0;0.0;0.0;10.0;3.0;6.2;1.2;0.0;7.3;3.0;23.3;50.0;3.3;0.0;0.0;0.0;0.0;39.0;0.0;6.0;3.2;16.0;0.0;18.0;31.0;30.0;29.2;888.0
São Gonçalo do Amarante;SANTO AMARO;-3.5541666666667;-38.874722222222;2019;5;293.0;45.0;18.0;0.0;0.0;0.0;0.0;0.0;10.2;0.0;20.0;0.0;0.0;0.0;0.0;2.1;0.0;0.0;29.0;0.0;26.0;32.2;53.0;4.0;0.0;4.2;2.1;0.0;0.0;3.2;11.0;33.0
São Gonçalo do Amarante;SANTO AMARO;-3.5541666666667;-38.874722222222;2019;6;185.0;1.2;0.0;0.0;0.0;0.0;0.0;0.0;33.3;0.0;0.0;0.0;80.3;23.2;20.0;4.0;20.0;0.0;0.0;3.0;0.0;0.0;0.0;0.0;0.0;0.0;0.0;0.0;0.0;0.0;0.0;888.0
São Gonçalo do Amarante;SANTO AMARO;-3.5541666666667;-38.874722222222;2019;7;85.9;11.2;0.0;25.0;0.0;3.0;0.0;2.3;0.0;10.0;2.0;0.0;0.0;10.2;0.0;12.0;0.0;0.0;0.0;0.0;0.0;3.0;0.0;7.2;0.0;0.0;0.0;0.0;0.0;0.0;0.0;0.0
São Gonçalo do Amarante;SANTO AMARO;-3.5541666666667;-38.874722222222;2019;8;13.3;0.0;10.0;0.0;0.0;0.0;0.0;2.2;0.0;0.0;0.0;0.0;0.0;0.0;0.0;1.1;0.0;0.0;0.0;0.0;0.0;0.0;0.0;0.0;0.0;0.0;0.0;0.0;0.0;0.0;0.0;0.0
São Gonçalo do Amarante;SANTO AMARO;-3.5541666666667;-38.874722222222;2019;9;27.6;6.0;0.0;11.2;0.0;0.0;0.0;0.0;0.0;0.0;0.0;0.0;0.0;0.0;0.0;0.0;0.0;6.2;0.0;0.0;0.0;0.0;0.0;3.1;1.1;0.0;0.0;0.0;0.0;0.0;0.0;888.0
São Gonçalo do Amarante;SANTO AMARO;-3.5541666666667;-38.874722222222;2019;10;3.3;0.0;0.0;0.0;0.0;0.0;0.0;0.0;0.0;0.0;0.0;0.0;0.0;0.0;2.1;0.0;1.2;0.0;0.0;0.0;0.0;0.0;0.0;0.0;0.0;0.0;0.0;0.0;0.0;0.0;0.0;0.0
São Gonçalo do Amarante;SANTO AMARO;-3.5541666666667;-38.874722222222;2019;11;1.2;0.0;1.2;0.0;0.0;0.0;0.0;0.0;0.0;0.0;0.0;0.0;0.0;0.0;0.0;0.0;0.0;0.0;0.0;0.0;0.0;0.0;0.0;0.0;0.0;0.0;0.0;0.0;0.0;0.0;0.0;888.0
São Gonçalo do Amarante;SANTO AMARO;-3.5541666666667;-38.874722222222;2019;12;15.5;0.0;0.0;0.0;0.0;0.0;0.0;0.0;0.0;7.3;0.0;0.0;0.0;0.0;0.0;0.0;0.0;0.0;4.2;0.0;0.0;0.0;0.0;0.0;0.0;0.0;0.0;0.0;0.0;0.0;0.0;4.0
São Gonçalo do Amarante;SANTO AMARO;-3.5541666666667;-38.874722222222;2020;1;319.1;20.0;9.1;19.0;0.0;0.0;0.0;0.0;2.2;30.0;8.1;45.0;1.2;0.0;3.2;0.0;25.0;0.0;0.0;0.0;0.0;0.0;0.0;1.1;0.0;0.0;1.0;4.2;47.0;0.0;8.0;95.0
São Gonçalo do Amarante;SANTO AMARO;-3.5541666666667;-38.874722222222;2020;2;270.8;18.0;0.0;0.0;13.0;47.0;15.3;2.2;0.0;0.0;14.0;20.0;0.0;2.3;15.0;9.3;3.3;0.0;32.0;9.0;30.2;0.0;0.0;25.0;7.2;3.0;5.0;0.0;0.0;0.0;888.0;888.0
São Gonçalo do Amarante;SANTO AMARO;-3.5541666666667;-38.874722222222;2020;3;251.1;4.2;24.0;0.0;0.0;0.0;0.0;3.0;13.0;1.1;0.0;0.0;25.0;66.0;6.2;28.0;22.0;0.0;0.0;2.0;11.1;12.0;0.0;0.0;0.0;13.2;5.0;3.0;1.3;0.0;4.0;7.0
São Gonçalo do Amarante;SANTO AMARO;-3.5541666666667;-38.874722222222;2020;4;356.0;26.0;1.3;0.0;23.0;23.1;10.3;0.0;0.0;0.0;4.0;27.0;0.0;2.0;8.0;0.0;4.0;15.0;7.0;4.0;0.0;28.0;18.3;0.0;33.0;34.0;0.0;39.0;24.0;5.0;20.0;888.0
São Gonçalo do Amarante;SANTO AMARO;-3.5541666666667;-38.874722222222;2020;5;237.3;1.4;0.0;0.0;0.0;4.3;0.0;0.0;0.0;0.0;48.0;2.2;0.0;0.0;5.0;6.2;8.2;23.0;0.0;0.0;22.0;33.0;14.0;25.0;0.0;0.0;0.0;0.0;0.0;36.0;0.0;9.0
São Gonçalo do Amarante;SANTO AMARO;-3.5541666666667;-38.874722222222;2020;6;99.1;1.1;0.0;0.0;0.0;8.0;0.0;14.0;5.0;0.0;3.0;0.0;5.2;9.2;3.2;0.0;0.0;0.0;29.0;0.0;0.0;0.0;3.2;0.0;0.0;0.0;0.0;2.2;0.0;0.0;16.0;888.0
São Gonçalo do Amarante;SANTO AMARO;-3.5541666666667;-38.874722222222;2020;7;214.4;0.0;0.0;0.0;0.0;0.0;185.0;18.0;0.0;0.0;0.0;0.0;0.0;0.0;0.0;0.0;0.0;3.2;0.0;0.0;0.0;8.2;0.0;0.0;0.0;0.0;0.0;0.0;0.0;0.0;0.0;0.0
São Gonçalo do Amarante;SANTO AMARO;-3.5541666666667;-38.874722222222;2020;8;0.0;0.0;0.0;0.0;0.0;0.0;0.0;0.0;0.0;0.0;0.0;0.0;0.0;0.0;0.0;0.0;0.0;0.0;0.0;0.0;0.0;0.0;0.0;0.0;0.0;0.0;0.0;0.0;0.0;0.0;0.0;0.0
São Gonçalo do Amarante;SANTO AMARO;-3.5541666666667;-38.874722222222;2020;9;0.0;0.0;0.0;0.0;0.0;0.0;0.0;0.0;0.0;0.0;0.0;0.0;0.0;0.0;0.0;0.0;0.0;0.0;0.0;0.0;0.0;0.0;0.0;0.0;0.0;0.0;0.0;0.0;0.0;0.0;0.0;888.0
São Gonçalo do Amarante;SANTO AMARO;-3.5541666666667;-38.874722222222;2020;10;5.7;0.0;0.0;0.0;0.0;0.0;0.0;0.0;0.0;0.0;0.0;0.0;0.0;0.0;0.0;1.3;0.0;0.0;0.0;0.0;0.0;0.0;1.2;3.2;0.0;0.0;0.0;0.0;0.0;0.0;0.0;0.0
São Gonçalo do Amarante;SANTO AMARO;-3.5541666666667;-38.874722222222;2020;11;26.4;0.0;0.0;1.2;0.0;0.0;0.0;0.0;0.0;0.0;0.0;11.2;10.0;0.0;0.0;0.0;0.0;0.0;0.0;0.0;0.0;0.0;4.0;0.0;0.0;0.0;0.0;0.0;0.0;0.0;0.0;888.0
São Gonçalo do Amarante;SANTO AMARO;-3.5541666666667;-38.874722222222;2020;12;10.5;0.0;0.0;0.0;0.0;0.0;0.0;0.0;0.0;0.0;0.0;0.0;0.0;0.0;4.0;0.0;0.0;0.0;4.2;0.0;0.0;0.0;0.0;0.0;0.0;0.0;0.0;2.3;0.0;0.0;0.0;0.0
São Gonçalo do Amarante;SANTO AMARO;-3.5541666666667;-38.874722222222;2021;1;44.6;2.1;0.0;0.0;0.0;0.0;0.0;0.0;0.0;0.0;0.0;0.0;0.0;3.2;6.3;0.0;0.0;0.0;0.0;0.0;3.2;5.2;1.2;2.0;5.1;0.0;16.3;0.0;0.0;0.0;0.0;0.0
São Gonçalo do Amarante;SANTO AMARO;-3.5541666666667;-38.874722222222;2021;2;76.2;0.0;0.0;0.0;0.0;0.0;0.0;0.0;0.0;0.0;0.0;4.1;0.0;0.0;0.0;0.0;13.1;36.0;0.0;0.0;0.0;17.0;0.0;0.0;0.0;0.0;6.0;0.0;0.0;888.0;888.0;888.0
São Gonçalo do Amarante;SANTO AMARO;-3.5541666666667;-38.874722222222;2021;3;381.5;45.0;0.0;2.0;7.0;1.3;0.0;3.0;27.0;78.2;1.0;0.0;0.0;2.1;0.0;0.0;3.2;14.3;0.0;30.0;0.0;14.0;3.0;34.0;0.0;18.0;58.0;2.1;15.3;0.0;4.0;19.0
São Gonçalo do Amarante;SANTO AMARO;-3.5541666666667;-38.874722222222;2021;4;109.0;21.2;0.0;7.0;0.0;2.0;0.0;0.0;0.0;0.0;0.0;0.0;7.0;24.3;9.0;5.2;10.1;0.0;0.0;5.0;0.0;3.0;0.0;6.1;2.0;5.0;0.0;0.0;2.1;0.0;0.0;888.0
São Gonçalo do Amarante;SANTO AMARO;-3.5541666666667;-38.874722222222;2021;5;191.2;13.0;0.0;15.0;22.3;9.0;7.2;60.0;0.0;0.0;2.1;0.0;0.0;41.0;14.2;0.0;1.2;0.0;0.0;2.0;4.2;0.0;0.0;0.0;0.0;999.0;999.0;999.0;999.0;999.0;999.0;999.0
