Municipios;Postos;Latitude;Longitude;Anos;Meses;Total;Dia1;Dia2;Dia3;Dia4;Dia5;Dia6;Dia7;Dia8;Dia9;Dia10;Dia11;Dia12;Dia13;Dia14;Dia15;Dia16;Dia17;Dia18;Dia19;Dia20;Dia21;Dia22;Dia23;Dia24;Dia25;Dia26;Dia27;Dia28;Dia29;Dia30;Dia31
Cedro;EMATERCE;-6.6046388888889;-39.060583333333;2017;1;127.7;0.0;0.0;0.0;0.0;0.0;0.0;0.0;0.0;0.0;23.5;0.0;0.0;0.0;0.0;0.0;0.0;44.0;0.0;0.0;0.0;0.0;0.0;3.8;0.0;0.0;29.6;26.8;0.0;0.0;0.0;0.0
Cedro;EMATERCE;-6.6046388888889;-39.060583333333;2017;2;185.2;2.2;0.0;0.0;0.0;0.0;0.0;0.0;0.0;13.0;0.0;30.0;35.0;0.0;0.0;0.0;0.0;0.0;0.0;0.0;45.0;52.0;0.0;0.0;0.0;8.0;0.0;0.0;0.0;888.0;888.0;888.0
Cedro;EMATERCE;-6.6046388888889;-39.060583333333;2017;3;191.3;0.0;20.0;0.0;0.0;5.2;0.0;0.0;0.0;0.0;3.5;65.0;0.0;36.0;0.0;35.3;0.0;4.0;7.3;0.0;0.0;0.0;0.0;0.0;0.0;0.0;0.0;0.0;0.0;0.0;0.0;15.0
Cedro;EMATERCE;-6.6046388888889;-39.060583333333;2017;4;89.8;2.0;0.0;12.6;0.0;7.4;15.0;0.0;0.0;0.0;1.0;33.0;0.0;4.8;0.0;0.0;0.0;14.0;0.0;0.0;0.0;0.0;0.0;0.0;0.0;0.0;0.0;0.0;0.0;0.0;0.0;888.0
Cedro;EMATERCE;-6.6046388888889;-39.060583333333;2017;5;49.8;5.2;0.0;0.0;0.0;0.0;0.0;0.0;0.0;4.0;0.0;0.0;0.0;0.0;0.0;0.0;0.0;0.0;0.0;0.0;40.6;0.0;0.0;0.0;0.0;0.0;0.0;0.0;0.0;0.0;0.0;0.0
Cedro;EMATERCE;-6.6046388888889;-39.060583333333;2017;6;33.0;33.0;0.0;0.0;0.0;0.0;0.0;0.0;0.0;0.0;0.0;0.0;0.0;0.0;0.0;0.0;0.0;0.0;0.0;0.0;0.0;0.0;0.0;0.0;0.0;0.0;0.0;0.0;0.0;0.0;0.0;888.0
Cedro;EMATERCE;-6.6046388888889;-39.060583333333;2017;7;0.0;0.0;0.0;0.0;0.0;0.0;0.0;0.0;0.0;0.0;0.0;0.0;0.0;0.0;0.0;0.0;0.0;0.0;0.0;0.0;0.0;0.0;0.0;0.0;0.0;0.0;0.0;0.0;0.0;0.0;0.0;0.0
Cedro;EMATERCE;-6.6046388888889;-39.060583333333;2017;8;0.0;0.0;0.0;0.0;0.0;0.0;0.0;0.0;0.0;0.0;0.0;0.0;0.0;0.0;0.0;0.0;0.0;0.0;0.0;0.0;0.0;0.0;0.0;0.0;0.0;0.0;0.0;0.0;0.0;0.0;0.0;0.0
Cedro;EMATERCE;-6.6046388888889;-39.060583333333;2017;9;0.0;0.0;0.0;0.0;0.0;0.0;0.0;0.0;0.0;0.0;0.0;0.0;0.0;0.0;0.0;0.0;0.0;0.0;0.0;0.0;0.0;0.0;0.0;0.0;0.0;0.0;0.0;0.0;0.0;0.0;0.0;888.0
Cedro;EMATERCE;-6.6046388888889;-39.060583333333;2017;10;0.0;0.0;0.0;0.0;0.0;0.0;0.0;0.0;0.0;0.0;0.0;0.0;0.0;0.0;0.0;0.0;0.0;0.0;0.0;0.0;0.0;0.0;0.0;0.0;0.0;0.0;0.0;0.0;0.0;0.0;0.0;0.0
Cedro;EMATERCE;-6.6046388888889;-39.060583333333;2017;11;0.0;0.0;0.0;0.0;0.0;0.0;0.0;0.0;0.0;0.0;0.0;0.0;0.0;0.0;0.0;0.0;0.0;0.0;0.0;0.0;0.0;0.0;0.0;0.0;0.0;0.0;0.0;0.0;0.0;0.0;0.0;888.0
Cedro;EMATERCE;-6.6046388888889;-39.060583333333;2017;12;16.9;0.0;0.0;0.0;0.0;0.0;0.0;0.0;0.0;0.0;0.0;0.0;0.0;0.0;0.0;0.0;0.0;0.0;0.0;0.0;0.0;2.4;0.0;0.0;14.5;0.0;0.0;0.0;0.0;0.0;0.0;0.0
Cedro;EMATERCE;-6.6046388888889;-39.060583333333;2018;1;132.5;0.0;0.0;0.0;0.0;0.0;6.0;14.0;0.0;2.2;0.0;0.0;5.6;0.0;0.0;8.5;0.0;0.0;7.0;0.0;11.0;25.0;0.0;0.0;14.4;9.7;0.0;22.3;0.0;0.0;6.8;0.0
Cedro;EMATERCE;-6.6046388888889;-39.060583333333;2018;2;201.2;0.0;0.0;0.0;0.0;0.0;0.0;0.0;5.0;0.0;0.0;20.3;0.0;0.0;40.0;4.2;0.0;17.0;29.5;10.0;3.0;8.0;0.0;0.0;24.0;34.0;0.0;0.0;6.2;888.0;888.0;888.0
Cedro;EMATERCE;-6.6046388888889;-39.060583333333;2018;3;175.8;0.0;23.0;36.3;2.0;24.2;0.0;0.0;0.0;0.0;0.0;0.0;0.0;0.0;0.0;0.0;1.8;0.0;0.0;0.0;0.0;0.0;1.0;2.5;0.0;30.0;11.0;0.0;0.0;2.0;42.0;0.0
Cedro;EMATERCE;-6.6046388888889;-39.060583333333;2018;4;291.2;0.0;67.0;3.2;0.0;21.0;0.0;25.1;0.0;8.4;54.0;0.0;0.0;52.0;0.0;39.0;0.0;0.0;0.0;17.5;4.0;0.0;0.0;0.0;0.0;0.0;0.0;0.0;0.0;0.0;0.0;888.0
Cedro;EMATERCE;-6.6046388888889;-39.060583333333;2018;5;0.0;0.0;0.0;0.0;0.0;0.0;0.0;0.0;0.0;0.0;0.0;0.0;0.0;0.0;0.0;0.0;0.0;0.0;0.0;0.0;0.0;0.0;0.0;0.0;0.0;0.0;0.0;0.0;0.0;0.0;0.0;0.0
Cedro;EMATERCE;-6.6046388888889;-39.060583333333;2018;6;0.0;0.0;0.0;0.0;0.0;0.0;0.0;0.0;0.0;0.0;0.0;0.0;0.0;0.0;0.0;0.0;0.0;0.0;0.0;0.0;0.0;0.0;0.0;0.0;0.0;0.0;0.0;0.0;0.0;0.0;0.0;888.0
Cedro;EMATERCE;-6.6046388888889;-39.060583333333;2018;7;0.0;0.0;0.0;0.0;0.0;0.0;0.0;0.0;0.0;0.0;0.0;0.0;0.0;0.0;0.0;0.0;0.0;0.0;0.0;0.0;0.0;0.0;0.0;0.0;0.0;0.0;0.0;0.0;0.0;0.0;0.0;0.0
Cedro;EMATERCE;-6.6046388888889;-39.060583333333;2018;8;12.0;12.0;0.0;0.0;0.0;0.0;0.0;0.0;0.0;0.0;0.0;0.0;0.0;0.0;0.0;0.0;0.0;0.0;0.0;0.0;0.0;0.0;0.0;0.0;0.0;0.0;0.0;0.0;0.0;0.0;0.0;0.0
Cedro;EMATERCE;-6.6046388888889;-39.060583333333;2018;9;0.0;0.0;0.0;0.0;0.0;0.0;0.0;0.0;0.0;0.0;0.0;0.0;0.0;0.0;0.0;0.0;0.0;0.0;0.0;0.0;0.0;0.0;0.0;0.0;0.0;0.0;0.0;0.0;0.0;0.0;0.0;888.0
Cedro;EMATERCE;-6.6046388888889;-39.060583333333;2018;10;0.0;0.0;0.0;0.0;0.0;0.0;0.0;0.0;0.0;0.0;0.0;0.0;0.0;0.0;0.0;0.0;0.0;0.0;0.0;0.0;0.0;0.0;0.0;0.0;0.0;0.0;0.0;0.0;0.0;0.0;0.0;0.0
Cedro;EMATERCE;-6.6046388888889;-39.060583333333;2018;11;117.0;0.0;0.0;0.0;0.0;0.0;0.0;0.0;0.0;0.0;0.0;0.0;0.0;0.0;0.0;0.0;0.0;0.0;0.0;0.0;0.0;10.0;0.0;0.0;70.0;0.0;0.0;35.0;0.0;0.0;2.0;888.0
Cedro;EMATERCE;-6.6046388888889;-39.060583333333;2018;12;140.7;0.0;0.0;0.0;0.0;12.5;19.2;12.8;19.1;0.0;22.3;4.8;0.0;0.0;0.0;0.0;0.0;0.0;29.0;0.0;0.0;0.0;0.0;21.0;0.0;0.0;0.0;0.0;0.0;0.0;0.0;0.0
Cedro;EMATERCE;-6.6046388888889;-39.060583333333;2019;1;108.1;0.0;0.0;0.0;0.0;0.0;0.0;0.0;14.2;6.5;20.0;0.0;0.0;0.0;0.0;0.0;0.0;0.0;7.1;31.3;0.0;0.0;0.0;4.0;0.0;0.0;0.0;0.0;0.0;0.0;23.0;2.0
Cedro;EMATERCE;-6.6046388888889;-39.060583333333;2019;2;166.0;0.0;0.0;0.0;0.0;0.0;17.0;26.0;0.0;0.0;0.0;0.0;0.0;0.0;56.0;0.0;21.5;20.0;10.3;0.0;0.0;0.0;0.0;0.0;15.2;0.0;0.0;0.0;0.0;888.0;888.0;888.0
Cedro;EMATERCE;-6.6046388888889;-39.060583333333;2019;3;277.4;0.0;0.0;60.0;0.0;0.0;0.0;0.0;0.0;0.0;0.0;0.0;0.0;0.0;8.0;14.0;0.0;0.0;0.0;10.5;0.0;0.0;5.0;0.0;115.3;16.2;3.0;0.0;8.4;7.0;30.0;0.0
Cedro;EMATERCE;-6.6046388888889;-39.060583333333;2019;4;182.8;0.0;0.0;68.3;0.0;5.6;0.0;0.0;0.0;0.0;45.0;0.0;0.0;0.0;3.2;0.0;0.0;0.0;0.0;0.0;0.0;0.0;0.0;0.0;14.0;7.0;0.0;9.7;0.0;0.0;30.0;888.0
Cedro;EMATERCE;-6.6046388888889;-39.060583333333;2019;5;16.6;0.0;9.6;0.0;0.0;0.0;0.0;0.0;0.0;4.0;0.0;0.0;0.0;0.0;0.0;0.0;0.0;0.0;0.0;0.0;0.0;3.0;0.0;0.0;0.0;0.0;0.0;0.0;0.0;0.0;0.0;0.0
Cedro;EMATERCE;-6.6046388888889;-39.060583333333;2019;6;18.8;0.0;0.0;0.0;0.0;0.0;0.0;0.0;0.0;0.0;0.0;0.0;0.0;0.8;0.0;0.0;0.0;0.0;18.0;0.0;0.0;0.0;0.0;0.0;0.0;0.0;0.0;0.0;0.0;0.0;0.0;888.0
Cedro;EMATERCE;-6.6046388888889;-39.060583333333;2019;7;0.0;0.0;0.0;0.0;0.0;0.0;0.0;0.0;0.0;0.0;0.0;0.0;0.0;0.0;0.0;0.0;0.0;0.0;0.0;0.0;0.0;0.0;0.0;0.0;0.0;0.0;0.0;0.0;0.0;0.0;0.0;0.0
Cedro;EMATERCE;-6.6046388888889;-39.060583333333;2019;8;0.0;0.0;0.0;0.0;0.0;0.0;0.0;0.0;0.0;0.0;0.0;0.0;0.0;0.0;0.0;0.0;0.0;0.0;0.0;0.0;0.0;0.0;0.0;0.0;0.0;0.0;0.0;0.0;0.0;0.0;0.0;0.0
Cedro;EMATERCE;-6.6046388888889;-39.060583333333;2019;9;0.0;0.0;0.0;0.0;0.0;0.0;0.0;0.0;0.0;0.0;0.0;0.0;0.0;0.0;0.0;0.0;0.0;0.0;0.0;0.0;0.0;0.0;0.0;0.0;0.0;0.0;0.0;0.0;0.0;0.0;0.0;888.0
Cedro;EMATERCE;-6.6046388888889;-39.060583333333;2019;10;0.0;0.0;0.0;0.0;0.0;0.0;0.0;0.0;0.0;0.0;0.0;0.0;0.0;0.0;0.0;0.0;0.0;0.0;0.0;0.0;0.0;0.0;0.0;0.0;0.0;0.0;0.0;0.0;0.0;0.0;0.0;0.0
Cedro;EMATERCE;-6.6046388888889;-39.060583333333;2019;11;0.0;0.0;0.0;0.0;0.0;0.0;0.0;0.0;0.0;0.0;0.0;0.0;0.0;0.0;0.0;0.0;0.0;0.0;0.0;0.0;0.0;0.0;0.0;0.0;0.0;0.0;0.0;0.0;0.0;0.0;0.0;888.0
Cedro;EMATERCE;-6.6046388888889;-39.060583333333;2019;12;21.0;0.0;0.0;0.0;0.0;0.0;0.0;0.0;0.0;0.0;0.0;0.0;0.0;0.0;0.0;0.0;3.0;0.0;0.0;0.0;0.0;0.0;0.0;0.0;0.0;0.0;0.0;0.0;0.0;0.0;0.0;18.0
Cedro;EMATERCE;-6.6046388888889;-39.060583333333;2020;1;134.1;46.0;0.0;0.0;0.0;5.0;0.0;0.0;0.0;0.0;0.0;28.0;0.0;0.0;0.0;7.1;0.0;0.0;0.0;0.0;0.0;0.0;0.0;0.0;0.0;0.0;0.0;23.0;12.0;0.0;0.0;13.0
Cedro;EMATERCE;-6.6046388888889;-39.060583333333;2020;2;252.6;0.0;0.0;0.0;0.0;46.0;0.0;0.0;0.0;0.0;5.0;0.0;0.0;0.0;14.2;28.0;0.0;6.4;28.0;0.0;0.0;27.0;9.2;20.0;5.0;22.0;23.5;18.3;0.0;0.0;888.0;888.0
Cedro;EMATERCE;-6.6046388888889;-39.060583333333;2020;3;360.9;29.3;0.0;0.0;0.0;22.4;0.0;0.0;35.0;3.0;2.1;0.0;0.0;28.0;0.0;35.0;100.0;5.0;0.0;0.0;0.0;0.0;0.0;0.0;40.0;0.0;20.0;20.5;0.0;0.0;20.6;0.0
Cedro;EMATERCE;-6.6046388888889;-39.060583333333;2020;4;310.0;0.0;0.0;42.0;0.0;0.0;0.0;0.0;0.0;0.0;0.0;0.0;0.0;0.0;0.0;0.0;0.0;0.0;33.0;0.0;120.0;0.0;0.0;30.0;60.0;5.0;0.0;20.0;0.0;0.0;0.0;888.0
Cedro;EMATERCE;-6.6046388888889;-39.060583333333;2020;5;33.3;0.0;0.0;0.0;0.0;0.0;0.0;0.0;0.0;0.0;0.0;0.0;0.0;0.0;0.0;0.0;0.0;3.0;5.0;2.8;0.0;0.0;4.5;0.0;18.0;0.0;0.0;0.0;0.0;0.0;0.0;0.0
Cedro;EMATERCE;-6.6046388888889;-39.060583333333;2020;6;3.0;0.0;0.0;0.0;0.0;0.0;0.0;0.0;0.0;0.0;0.0;3.0;0.0;0.0;0.0;0.0;0.0;0.0;0.0;0.0;0.0;0.0;0.0;0.0;0.0;0.0;0.0;0.0;0.0;0.0;0.0;888.0
Cedro;EMATERCE;-6.6046388888889;-39.060583333333;2020;7;0.0;0.0;0.0;0.0;0.0;0.0;0.0;0.0;0.0;0.0;0.0;0.0;0.0;0.0;0.0;0.0;0.0;0.0;0.0;0.0;0.0;0.0;0.0;0.0;0.0;0.0;0.0;0.0;0.0;0.0;0.0;0.0
Cedro;EMATERCE;-6.6046388888889;-39.060583333333;2020;8;0.0;0.0;0.0;0.0;0.0;0.0;0.0;0.0;0.0;0.0;0.0;0.0;0.0;0.0;0.0;0.0;0.0;0.0;0.0;0.0;0.0;0.0;0.0;0.0;0.0;0.0;0.0;0.0;0.0;0.0;0.0;0.0
Cedro;EMATERCE;-6.6046388888889;-39.060583333333;2020;9;0.0;0.0;0.0;0.0;0.0;0.0;0.0;0.0;0.0;0.0;0.0;0.0;0.0;0.0;0.0;0.0;0.0;0.0;0.0;0.0;0.0;0.0;0.0;0.0;0.0;0.0;0.0;0.0;0.0;0.0;0.0;888.0
Cedro;EMATERCE;-6.6046388888889;-39.060583333333;2020;10;12.0;0.0;0.0;0.0;0.0;0.0;0.0;0.0;0.0;0.0;0.0;0.0;0.0;0.0;0.0;0.0;0.0;0.0;0.0;0.0;0.0;0.0;0.0;0.0;12.0;0.0;0.0;0.0;0.0;0.0;0.0;0.0
Cedro;EMATERCE;-6.6046388888889;-39.060583333333;2020;11;76.0;0.0;0.0;0.0;20.0;0.0;0.0;0.0;0.0;0.0;46.0;10.0;0.0;0.0;0.0;0.0;0.0;0.0;0.0;0.0;0.0;0.0;0.0;0.0;0.0;0.0;0.0;0.0;0.0;0.0;0.0;888.0
Cedro;EMATERCE;-6.6046388888889;-39.060583333333;2020;12;28.0;0.0;0.0;0.0;0.0;0.0;0.0;0.0;0.0;0.0;0.0;0.0;0.0;0.0;0.0;0.0;0.0;16.0;0.0;0.0;0.0;12.0;0.0;0.0;0.0;0.0;0.0;0.0;0.0;0.0;0.0;0.0
Cedro;EMATERCE;-6.6046388888889;-39.060583333333;2021;1;108.4;0.0;0.0;0.0;0.0;0.0;0.0;0.0;0.0;0.0;0.0;0.0;0.0;10.0;0.0;0.0;0.0;0.0;25.0;0.0;0.0;0.0;25.0;0.0;0.0;0.0;5.0;10.4;12.0;16.0;5.0;0.0
Cedro;EMATERCE;-6.6046388888889;-39.060583333333;2021;2;204.8;0.0;0.0;0.0;0.0;0.0;0.0;0.0;0.0;0.0;10.5;0.0;6.9;0.0;115.0;0.0;27.5;0.0;0.0;0.0;0.0;0.0;19.3;0.0;5.1;12.5;0.0;8.0;0.0;888.0;888.0;888.0
Cedro;EMATERCE;-6.6046388888889;-39.060583333333;2021;3;293.5;0.0;41.0;0.0;0.0;23.3;0.0;0.0;0.0;0.0;0.0;0.0;0.0;0.0;0.0;0.0;0.0;0.0;6.5;12.2;0.0;15.2;62.0;0.0;22.0;0.0;60.0;25.2;0.0;18.1;8.0;0.0
Cedro;EMATERCE;-6.6046388888889;-39.060583333333;2021;4;238.2;0.0;0.0;0.0;0.0;12.8;0.0;0.0;0.0;0.0;0.0;0.0;53.2;6.8;0.0;33.0;0.0;0.0;38.4;10.0;0.0;0.0;0.0;0.0;0.0;0.0;0.0;0.0;0.0;84.0;0.0;888.0
Cedro;EMATERCE;-6.6046388888889;-39.060583333333;2021;5;76.0;0.0;0.0;0.0;0.0;0.0;28.0;0.0;0.0;0.0;0.0;0.0;0.0;0.0;0.0;22.0;0.0;0.0;0.0;0.0;26.0;0.0;999.0;999.0;999.0;999.0;999.0;999.0;999.0;999.0;999.0;999.0
