Municipios;Postos;Latitude;Longitude;Anos;Meses;Total;Dia1;Dia2;Dia3;Dia4;Dia5;Dia6;Dia7;Dia8;Dia9;Dia10;Dia11;Dia12;Dia13;Dia14;Dia15;Dia16;Dia17;Dia18;Dia19;Dia20;Dia21;Dia22;Dia23;Dia24;Dia25;Dia26;Dia27;Dia28;Dia29;Dia30;Dia31
Quixeramobim;PAUS BRANCOS ;-5.4145277777778;-39.445861111111;2017;3;340.0;85.0;55.0;25.0;0.0;0.0;0.0;0.0;0.0;0.0;0.0;70.0;0.0;0.0;0.0;40.0;0.0;0.0;0.0;0.0;0.0;0.0;0.0;0.0;20.0;0.0;0.0;0.0;0.0;0.0;0.0;45.0
Quixeramobim;PAUS BRANCOS ;-5.4145277777778;-39.445861111111;2017;4;0.0;0.0;0.0;0.0;0.0;0.0;0.0;0.0;0.0;0.0;0.0;0.0;0.0;0.0;0.0;0.0;0.0;0.0;0.0;0.0;0.0;0.0;0.0;0.0;0.0;0.0;0.0;0.0;0.0;0.0;0.0;888.0
Quixeramobim;PAUS BRANCOS ;-5.4145277777778;-39.445861111111;2017;5;45.0;0.0;0.0;0.0;0.0;0.0;0.0;0.0;0.0;0.0;0.0;20.0;25.0;0.0;0.0;0.0;0.0;0.0;0.0;0.0;0.0;0.0;0.0;0.0;0.0;0.0;0.0;0.0;0.0;0.0;0.0;0.0
Quixeramobim;PAUS BRANCOS ;-5.4145277777778;-39.445861111111;2017;6;0.0;0.0;0.0;0.0;0.0;0.0;0.0;0.0;0.0;0.0;0.0;0.0;0.0;0.0;0.0;0.0;0.0;0.0;0.0;0.0;0.0;0.0;0.0;0.0;0.0;0.0;0.0;0.0;0.0;0.0;0.0;888.0
Quixeramobim;PAUS BRANCOS ;-5.4145277777778;-39.445861111111;2017;7;25.0;0.0;0.0;0.0;0.0;0.0;0.0;0.0;0.0;0.0;0.0;0.0;0.0;0.0;0.0;0.0;0.0;0.0;0.0;0.0;0.0;0.0;0.0;15.0;10.0;0.0;0.0;0.0;0.0;0.0;0.0;0.0
Quixeramobim;PAUS BRANCOS ;-5.4145277777778;-39.445861111111;2017;8;0.0;0.0;0.0;0.0;0.0;0.0;0.0;0.0;0.0;0.0;0.0;0.0;0.0;0.0;0.0;0.0;0.0;0.0;0.0;0.0;0.0;0.0;0.0;0.0;0.0;0.0;0.0;0.0;0.0;0.0;0.0;0.0
Quixeramobim;PAUS BRANCOS ;-5.4145277777778;-39.445861111111;2017;9;0.0;0.0;0.0;0.0;0.0;0.0;0.0;0.0;0.0;0.0;0.0;0.0;0.0;0.0;0.0;0.0;0.0;0.0;0.0;0.0;0.0;0.0;0.0;0.0;0.0;0.0;0.0;0.0;0.0;0.0;0.0;888.0
Quixeramobim;PAUS BRANCOS ;-5.4145277777778;-39.445861111111;2017;10;0.0;0.0;0.0;0.0;0.0;0.0;0.0;0.0;0.0;0.0;0.0;0.0;0.0;0.0;0.0;0.0;0.0;0.0;0.0;0.0;0.0;0.0;0.0;0.0;0.0;0.0;0.0;0.0;0.0;0.0;0.0;0.0
Quixeramobim;PAUS BRANCOS ;-5.4145277777778;-39.445861111111;2017;11;0.0;0.0;0.0;0.0;0.0;0.0;0.0;0.0;0.0;0.0;0.0;0.0;0.0;0.0;0.0;0.0;0.0;0.0;0.0;0.0;0.0;0.0;0.0;0.0;0.0;0.0;0.0;0.0;0.0;0.0;0.0;888.0
Quixeramobim;PAUS BRANCOS ;-5.4145277777778;-39.445861111111;2017;12;0.0;0.0;0.0;0.0;0.0;0.0;0.0;0.0;0.0;0.0;0.0;0.0;0.0;0.0;0.0;0.0;0.0;0.0;0.0;0.0;0.0;0.0;0.0;0.0;0.0;0.0;0.0;0.0;0.0;0.0;0.0;0.0
Quixeramobim;PAUS BRANCOS ;-5.4145277777778;-39.445861111111;2018;1;45.0;0.0;0.0;0.0;0.0;0.0;0.0;0.0;0.0;0.0;0.0;0.0;0.0;0.0;0.0;0.0;0.0;0.0;0.0;0.0;20.0;0.0;0.0;0.0;0.0;0.0;0.0;25.0;0.0;0.0;0.0;0.0
Quixeramobim;PAUS BRANCOS ;-5.4145277777778;-39.445861111111;2018;2;108.0;0.0;0.0;0.0;0.0;0.0;0.0;0.0;15.0;50.0;0.0;0.0;0.0;0.0;0.0;0.0;0.0;13.0;5.0;0.0;0.0;0.0;0.0;0.0;0.0;15.0;10.0;0.0;0.0;888.0;888.0;888.0
Quixeramobim;PAUS BRANCOS ;-5.4145277777778;-39.445861111111;2018;3;150.0;10.0;0.0;0.0;0.0;0.0;0.0;0.0;0.0;0.0;0.0;0.0;0.0;0.0;0.0;0.0;0.0;0.0;0.0;0.0;0.0;0.0;60.0;0.0;0.0;0.0;0.0;0.0;0.0;0.0;10.0;70.0
Quixeramobim;PAUS BRANCOS ;-5.4145277777778;-39.445861111111;2018;4;234.0;30.0;7.0;20.0;10.0;0.0;7.0;0.0;50.0;10.0;0.0;0.0;10.0;40.0;15.0;0.0;0.0;35.0;0.0;0.0;0.0;0.0;0.0;0.0;0.0;0.0;0.0;0.0;0.0;0.0;0.0;888.0
Quixeramobim;PAUS BRANCOS ;-5.4145277777778;-39.445861111111;2018;5;50.0;20.0;10.0;0.0;0.0;0.0;0.0;0.0;0.0;0.0;0.0;0.0;0.0;0.0;0.0;0.0;20.0;0.0;0.0;0.0;0.0;0.0;0.0;0.0;0.0;0.0;0.0;0.0;0.0;0.0;0.0;0.0
Quixeramobim;PAUS BRANCOS ;-5.4145277777778;-39.445861111111;2018;6;20.0;0.0;0.0;0.0;0.0;20.0;0.0;0.0;0.0;0.0;0.0;0.0;0.0;0.0;0.0;0.0;0.0;0.0;0.0;0.0;0.0;0.0;0.0;0.0;0.0;0.0;0.0;0.0;0.0;0.0;0.0;888.0
Quixeramobim;PAUS BRANCOS ;-5.4145277777778;-39.445861111111;2018;7;0.0;0.0;0.0;0.0;0.0;0.0;0.0;0.0;0.0;0.0;0.0;0.0;0.0;0.0;0.0;0.0;0.0;0.0;0.0;0.0;0.0;0.0;0.0;0.0;0.0;0.0;0.0;0.0;0.0;0.0;0.0;0.0
Quixeramobim;PAUS BRANCOS ;-5.4145277777778;-39.445861111111;2018;8;3.0;0.0;0.0;0.0;0.0;0.0;0.0;0.0;0.0;0.0;0.0;0.0;0.0;0.0;0.0;0.0;0.0;0.0;0.0;0.0;0.0;0.0;0.0;0.0;0.0;0.0;0.0;0.0;0.0;0.0;0.0;3.0
Quixeramobim;PAUS BRANCOS ;-5.4145277777778;-39.445861111111;2018;9;0.0;0.0;0.0;0.0;0.0;0.0;0.0;0.0;0.0;0.0;0.0;0.0;0.0;0.0;0.0;0.0;0.0;0.0;0.0;0.0;0.0;0.0;0.0;0.0;0.0;0.0;0.0;0.0;0.0;0.0;0.0;888.0
Quixeramobim;PAUS BRANCOS ;-5.4145277777778;-39.445861111111;2018;10;0.0;0.0;0.0;0.0;0.0;0.0;0.0;0.0;0.0;0.0;0.0;0.0;0.0;0.0;0.0;0.0;0.0;0.0;0.0;0.0;0.0;0.0;0.0;0.0;0.0;0.0;0.0;0.0;0.0;0.0;0.0;0.0
Quixeramobim;PAUS BRANCOS ;-5.4145277777778;-39.445861111111;2018;11;0.0;0.0;0.0;0.0;0.0;0.0;0.0;0.0;0.0;0.0;0.0;0.0;0.0;0.0;0.0;0.0;0.0;0.0;0.0;0.0;0.0;0.0;0.0;0.0;0.0;0.0;0.0;0.0;0.0;0.0;0.0;888.0
Quixeramobim;PAUS BRANCOS ;-5.4145277777778;-39.445861111111;2018;12;0.0;0.0;0.0;0.0;0.0;0.0;0.0;0.0;0.0;0.0;0.0;0.0;0.0;0.0;0.0;0.0;0.0;0.0;0.0;0.0;0.0;0.0;0.0;0.0;0.0;0.0;0.0;0.0;0.0;0.0;0.0;0.0
Quixeramobim;PAUS BRANCOS ;-5.4145277777778;-39.445861111111;2019;1;55.0;0.0;0.0;0.0;0.0;3.0;0.0;0.0;0.0;0.0;7.0;0.0;0.0;0.0;0.0;0.0;0.0;0.0;40.0;0.0;0.0;0.0;0.0;0.0;0.0;0.0;0.0;0.0;0.0;0.0;0.0;5.0
Quixeramobim;PAUS BRANCOS ;-5.4145277777778;-39.445861111111;2019;2;250.0;0.0;0.0;0.0;5.0;0.0;5.0;25.0;0.0;0.0;0.0;0.0;0.0;0.0;135.0;0.0;0.0;0.0;0.0;25.0;0.0;0.0;0.0;5.0;45.0;0.0;0.0;5.0;0.0;888.0;888.0;888.0
Quixeramobim;PAUS BRANCOS ;-5.4145277777778;-39.445861111111;2019;3;87.0;0.0;0.0;20.0;15.0;0.0;5.0;0.0;0.0;0.0;0.0;0.0;0.0;15.0;0.0;0.0;13.0;0.0;0.0;0.0;0.0;0.0;0.0;0.0;0.0;0.0;0.0;0.0;4.0;10.0;0.0;5.0
Quixeramobim;PAUS BRANCOS ;-5.4145277777778;-39.445861111111;2019;4;126.0;10.0;0.0;0.0;0.0;0.0;0.0;45.0;5.0;0.0;0.0;0.0;0.0;0.0;0.0;0.0;5.0;11.0;0.0;0.0;15.0;0.0;0.0;0.0;5.0;0.0;0.0;0.0;0.0;10.0;20.0;888.0
Quixeramobim;PAUS BRANCOS ;-5.4145277777778;-39.445861111111;2019;5;94.0;0.0;0.0;0.0;0.0;0.0;0.0;0.0;0.0;0.0;5.0;0.0;0.0;0.0;4.0;8.0;0.0;0.0;0.0;0.0;0.0;2.0;75.0;0.0;0.0;0.0;0.0;0.0;0.0;0.0;0.0;0.0
Quixeramobim;PAUS BRANCOS ;-5.4145277777778;-39.445861111111;2019;6;45.0;0.0;0.0;0.0;0.0;0.0;0.0;0.0;0.0;0.0;0.0;15.0;0.0;0.0;0.0;0.0;0.0;0.0;0.0;25.0;0.0;0.0;0.0;0.0;0.0;0.0;0.0;0.0;5.0;0.0;0.0;888.0
Quixeramobim;PAUS BRANCOS ;-5.4145277777778;-39.445861111111;2019;7;75.0;0.0;0.0;0.0;0.0;0.0;0.0;0.0;0.0;0.0;0.0;50.0;0.0;0.0;0.0;0.0;0.0;0.0;10.0;0.0;0.0;10.0;0.0;5.0;0.0;0.0;0.0;0.0;0.0;0.0;0.0;0.0
Quixeramobim;PAUS BRANCOS ;-5.4145277777778;-39.445861111111;2019;8;0.0;0.0;0.0;0.0;0.0;0.0;0.0;0.0;0.0;0.0;0.0;0.0;0.0;0.0;0.0;0.0;0.0;0.0;0.0;0.0;0.0;0.0;0.0;0.0;0.0;0.0;0.0;0.0;0.0;0.0;0.0;0.0
Quixeramobim;PAUS BRANCOS ;-5.4145277777778;-39.445861111111;2019;9;15.0;0.0;0.0;0.0;0.0;0.0;0.0;0.0;0.0;0.0;0.0;0.0;0.0;0.0;0.0;0.0;0.0;0.0;0.0;0.0;0.0;0.0;0.0;0.0;15.0;0.0;0.0;0.0;0.0;0.0;0.0;888.0
Quixeramobim;PAUS BRANCOS ;-5.4145277777778;-39.445861111111;2019;10;0.0;0.0;0.0;0.0;0.0;0.0;0.0;0.0;0.0;0.0;0.0;0.0;0.0;0.0;0.0;0.0;0.0;0.0;0.0;0.0;0.0;0.0;0.0;0.0;0.0;0.0;0.0;0.0;0.0;0.0;0.0;0.0
Quixeramobim;PAUS BRANCOS ;-5.4145277777778;-39.445861111111;2019;11;0.0;0.0;0.0;0.0;0.0;0.0;0.0;0.0;0.0;0.0;0.0;0.0;0.0;0.0;0.0;0.0;0.0;0.0;0.0;0.0;0.0;0.0;0.0;0.0;0.0;0.0;0.0;0.0;0.0;0.0;0.0;888.0
Quixeramobim;PAUS BRANCOS ;-5.4145277777778;-39.445861111111;2019;12;15.0;0.0;0.0;0.0;0.0;0.0;0.0;0.0;0.0;15.0;0.0;0.0;0.0;0.0;0.0;0.0;0.0;0.0;0.0;0.0;0.0;0.0;0.0;0.0;0.0;0.0;0.0;0.0;0.0;0.0;0.0;0.0
Quixeramobim;PAUS BRANCOS ;-5.4145277777778;-39.445861111111;2020;1;80.0;0.0;0.0;0.0;0.0;0.0;0.0;5.0;0.0;0.0;0.0;0.0;0.0;0.0;0.0;0.0;0.0;0.0;0.0;0.0;0.0;0.0;0.0;0.0;0.0;0.0;0.0;0.0;45.0;0.0;30.0;0.0
Quixeramobim;PAUS BRANCOS ;-5.4145277777778;-39.445861111111;2020;2;140.0;0.0;0.0;0.0;0.0;0.0;0.0;0.0;0.0;0.0;0.0;0.0;0.0;0.0;85.0;0.0;0.0;15.0;0.0;20.0;0.0;0.0;0.0;0.0;0.0;0.0;0.0;0.0;0.0;20.0;888.0;888.0
Quixeramobim;PAUS BRANCOS ;-5.4145277777778;-39.445861111111;2020;3;153.0;0.0;0.0;0.0;20.0;0.0;0.0;0.0;0.0;0.0;0.0;0.0;0.0;15.0;20.0;0.0;0.0;0.0;0.0;0.0;0.0;0.0;0.0;0.0;0.0;88.0;0.0;0.0;10.0;0.0;0.0;0.0
Quixeramobim;PAUS BRANCOS ;-5.4145277777778;-39.445861111111;2020;4;40.0;0.0;0.0;0.0;10.0;0.0;0.0;0.0;0.0;0.0;0.0;0.0;0.0;0.0;0.0;0.0;0.0;0.0;0.0;0.0;0.0;0.0;10.0;0.0;0.0;20.0;0.0;0.0;0.0;0.0;0.0;888.0
Quixeramobim;PAUS BRANCOS ;-5.4145277777778;-39.445861111111;2020;5;245.0;0.0;0.0;0.0;0.0;0.0;0.0;0.0;0.0;10.0;0.0;0.0;0.0;0.0;0.0;0.0;20.0;0.0;0.0;90.0;20.0;15.0;15.0;0.0;15.0;15.0;0.0;0.0;0.0;45.0;0.0;0.0
Quixeramobim;PAUS BRANCOS ;-5.4145277777778;-39.445861111111;2020;6;25.0;0.0;0.0;0.0;0.0;5.0;0.0;0.0;0.0;15.0;5.0;0.0;0.0;0.0;0.0;0.0;0.0;0.0;0.0;0.0;0.0;0.0;0.0;0.0;0.0;0.0;0.0;0.0;0.0;0.0;0.0;888.0
Quixeramobim;PAUS BRANCOS ;-5.4145277777778;-39.445861111111;2020;7;40.0;0.0;0.0;0.0;0.0;0.0;0.0;0.0;0.0;0.0;0.0;40.0;0.0;0.0;0.0;0.0;0.0;0.0;0.0;0.0;0.0;0.0;0.0;0.0;0.0;0.0;0.0;0.0;0.0;0.0;0.0;0.0
Quixeramobim;PAUS BRANCOS ;-5.4145277777778;-39.445861111111;2020;8;0.0;0.0;0.0;0.0;0.0;0.0;0.0;0.0;0.0;0.0;0.0;0.0;0.0;0.0;0.0;0.0;0.0;0.0;0.0;0.0;0.0;0.0;0.0;0.0;0.0;0.0;0.0;0.0;0.0;0.0;0.0;0.0
Quixeramobim;PAUS BRANCOS ;-5.4145277777778;-39.445861111111;2020;9;7.0;0.0;7.0;0.0;0.0;0.0;0.0;0.0;0.0;0.0;0.0;0.0;0.0;0.0;0.0;0.0;0.0;0.0;0.0;0.0;0.0;0.0;0.0;0.0;0.0;0.0;0.0;0.0;0.0;0.0;0.0;888.0
Quixeramobim;PAUS BRANCOS ;-5.4145277777778;-39.445861111111;2020;10;0.0;0.0;0.0;0.0;0.0;0.0;0.0;0.0;0.0;0.0;0.0;0.0;0.0;0.0;0.0;0.0;0.0;0.0;0.0;0.0;0.0;0.0;0.0;0.0;0.0;0.0;0.0;0.0;0.0;0.0;0.0;0.0
Quixeramobim;PAUS BRANCOS ;-5.4145277777778;-39.445861111111;2020;11;0.0;0.0;0.0;0.0;0.0;0.0;0.0;0.0;0.0;0.0;0.0;0.0;0.0;0.0;0.0;0.0;0.0;0.0;0.0;0.0;0.0;0.0;0.0;0.0;0.0;0.0;0.0;0.0;0.0;0.0;0.0;888.0
Quixeramobim;PAUS BRANCOS ;-5.4145277777778;-39.445861111111;2020;12;0.0;0.0;0.0;0.0;0.0;0.0;0.0;0.0;0.0;0.0;0.0;0.0;0.0;0.0;0.0;0.0;0.0;0.0;0.0;0.0;0.0;0.0;0.0;0.0;0.0;0.0;0.0;0.0;0.0;0.0;0.0;0.0
Quixeramobim;PAUS BRANCOS ;-5.4145277777778;-39.445861111111;2021;1;23.0;0.0;0.0;0.0;0.0;0.0;0.0;0.0;0.0;0.0;0.0;0.0;0.0;0.0;0.0;0.0;0.0;8.0;0.0;0.0;0.0;0.0;0.0;0.0;0.0;0.0;15.0;0.0;0.0;0.0;0.0;0.0
Quixeramobim;PAUS BRANCOS ;-5.4145277777778;-39.445861111111;2021;2;75.0;0.0;0.0;0.0;0.0;0.0;0.0;0.0;0.0;0.0;0.0;0.0;0.0;0.0;0.0;0.0;15.0;0.0;20.0;0.0;0.0;0.0;0.0;0.0;0.0;0.0;0.0;40.0;0.0;888.0;888.0;888.0
Quixeramobim;PAUS BRANCOS ;-5.4145277777778;-39.445861111111;2021;3;290.0;0.0;75.0;25.0;0.0;0.0;0.0;0.0;0.0;0.0;0.0;0.0;0.0;0.0;0.0;0.0;0.0;0.0;0.0;0.0;10.0;40.0;0.0;0.0;0.0;25.0;65.0;0.0;50.0;0.0;0.0;0.0
Quixeramobim;PAUS BRANCOS ;-5.4145277777778;-39.445861111111;2021;4;90.0;0.0;0.0;0.0;0.0;0.0;0.0;0.0;0.0;0.0;0.0;50.0;15.0;15.0;0.0;0.0;10.0;0.0;0.0;0.0;0.0;0.0;0.0;0.0;0.0;0.0;0.0;0.0;0.0;0.0;0.0;888.0
Quixeramobim;PAUS BRANCOS ;-5.4145277777778;-39.445861111111;2021;5;185.0;0.0;55.0;0.0;0.0;10.0;0.0;0.0;0.0;10.0;0.0;0.0;0.0;0.0;25.0;0.0;85.0;0.0;0.0;0.0;0.0;0.0;0.0;0.0;0.0;999.0;999.0;999.0;999.0;999.0;999.0;999.0
