Municipios;Postos;Latitude;Longitude;Anos;Meses;Total;Dia1;Dia2;Dia3;Dia4;Dia5;Dia6;Dia7;Dia8;Dia9;Dia10;Dia11;Dia12;Dia13;Dia14;Dia15;Dia16;Dia17;Dia18;Dia19;Dia20;Dia21;Dia22;Dia23;Dia24;Dia25;Dia26;Dia27;Dia28;Dia29;Dia30;Dia31
Paramoti;ASSENTAMENTO PAPEL;-4.19675;-39.56125;2018;1;22.0;0.0;0.0;0.0;0.0;0.0;0.0;0.0;0.0;0.0;0.0;0.0;0.0;0.0;0.0;0.0;0.0;0.0;0.0;0.0;0.0;0.0;0.0;0.0;0.0;0.0;0.0;0.0;22.0;0.0;0.0;0.0
Paramoti;ASSENTAMENTO PAPEL;-4.19675;-39.56125;2018;2;114.0;0.0;0.0;0.0;0.0;0.0;0.0;0.0;0.0;0.0;0.0;0.0;0.0;0.0;39.0;65.0;0.0;0.0;0.0;0.0;0.0;0.0;0.0;0.0;0.0;0.0;10.0;0.0;0.0;888.0;888.0;888.0
Paramoti;ASSENTAMENTO PAPEL;-4.19675;-39.56125;2018;3;74.0;0.0;0.0;0.0;0.0;30.0;0.0;0.0;0.0;0.0;0.0;0.0;0.0;0.0;0.0;0.0;0.0;0.0;0.0;0.0;0.0;0.0;0.0;12.0;0.0;0.0;0.0;0.0;0.0;13.0;13.0;6.0
Paramoti;ASSENTAMENTO PAPEL;-4.19675;-39.56125;2018;4;169.0;0.0;0.0;0.0;0.0;28.0;0.0;0.0;0.0;0.0;38.0;23.0;63.0;0.0;0.0;0.0;17.0;0.0;0.0;0.0;0.0;0.0;0.0;0.0;0.0;0.0;0.0;0.0;0.0;0.0;0.0;888.0
Paramoti;ASSENTAMENTO PAPEL;-4.19675;-39.56125;2018;5;51.0;25.0;0.0;0.0;0.0;0.0;0.0;0.0;0.0;0.0;26.0;0.0;0.0;0.0;0.0;0.0;0.0;0.0;0.0;0.0;0.0;0.0;0.0;0.0;0.0;0.0;0.0;0.0;0.0;0.0;0.0;0.0
Paramoti;ASSENTAMENTO PAPEL;-4.19675;-39.56125;2018;6;0.0;0.0;0.0;0.0;0.0;0.0;0.0;0.0;0.0;0.0;0.0;0.0;0.0;0.0;0.0;0.0;0.0;0.0;0.0;0.0;0.0;0.0;0.0;0.0;0.0;0.0;0.0;0.0;0.0;0.0;0.0;888.0
Paramoti;ASSENTAMENTO PAPEL;-4.19675;-39.56125;2018;7;0.0;0.0;0.0;0.0;0.0;0.0;0.0;0.0;0.0;0.0;0.0;0.0;0.0;0.0;0.0;0.0;0.0;0.0;0.0;0.0;0.0;0.0;0.0;0.0;0.0;0.0;0.0;0.0;0.0;0.0;0.0;0.0
Paramoti;ASSENTAMENTO PAPEL;-4.19675;-39.56125;2018;8;0.0;0.0;0.0;0.0;0.0;0.0;0.0;0.0;0.0;0.0;0.0;0.0;0.0;0.0;0.0;0.0;0.0;0.0;0.0;0.0;0.0;0.0;0.0;0.0;0.0;0.0;0.0;0.0;0.0;0.0;0.0;0.0
Paramoti;ASSENTAMENTO PAPEL;-4.19675;-39.56125;2018;9;0.0;0.0;0.0;0.0;0.0;0.0;0.0;0.0;0.0;0.0;0.0;0.0;0.0;0.0;0.0;0.0;0.0;0.0;0.0;0.0;0.0;0.0;0.0;0.0;0.0;0.0;0.0;0.0;0.0;0.0;0.0;888.0
Paramoti;ASSENTAMENTO PAPEL;-4.19675;-39.56125;2018;10;0.0;0.0;0.0;0.0;0.0;0.0;0.0;0.0;0.0;0.0;0.0;0.0;0.0;0.0;0.0;0.0;0.0;0.0;0.0;0.0;0.0;0.0;0.0;0.0;0.0;0.0;0.0;0.0;0.0;0.0;0.0;0.0
Paramoti;ASSENTAMENTO PAPEL;-4.19675;-39.56125;2018;11;0.0;0.0;0.0;0.0;0.0;0.0;0.0;0.0;0.0;0.0;0.0;0.0;0.0;0.0;0.0;0.0;0.0;0.0;0.0;0.0;0.0;0.0;0.0;0.0;0.0;0.0;0.0;0.0;0.0;0.0;0.0;888.0
Paramoti;ASSENTAMENTO PAPEL;-4.19675;-39.56125;2018;12;24.0;0.0;0.0;0.0;0.0;0.0;0.0;0.0;0.0;0.0;8.0;0.0;0.0;0.0;0.0;0.0;0.0;0.0;16.0;0.0;0.0;0.0;0.0;0.0;0.0;0.0;0.0;0.0;0.0;0.0;0.0;0.0
Paramoti;ASSENTAMENTO PAPEL;-4.19675;-39.56125;2019;1;50.0;0.0;0.0;0.0;0.0;0.0;0.0;0.0;40.0;0.0;0.0;0.0;0.0;0.0;0.0;10.0;0.0;0.0;0.0;0.0;0.0;0.0;0.0;0.0;0.0;0.0;0.0;0.0;0.0;0.0;0.0;0.0
Paramoti;ASSENTAMENTO PAPEL;-4.19675;-39.56125;2019;2;103.0;0.0;0.0;0.0;0.0;0.0;0.0;22.0;0.0;0.0;0.0;0.0;0.0;0.0;0.0;0.0;25.0;0.0;0.0;0.0;0.0;36.0;0.0;20.0;0.0;0.0;0.0;0.0;0.0;888.0;888.0;888.0
Paramoti;ASSENTAMENTO PAPEL;-4.19675;-39.56125;2019;3;74.0;0.0;0.0;0.0;0.0;0.0;0.0;0.0;0.0;0.0;0.0;0.0;0.0;0.0;0.0;0.0;0.0;0.0;0.0;0.0;0.0;0.0;0.0;0.0;0.0;0.0;0.0;0.0;0.0;55.0;0.0;19.0
Paramoti;ASSENTAMENTO PAPEL;-4.19675;-39.56125;2019;4;306.0;85.0;0.0;0.0;25.0;28.0;0.0;0.0;0.0;38.0;23.0;63.0;0.0;0.0;0.0;0.0;0.0;19.0;0.0;0.0;0.0;0.0;0.0;0.0;0.0;0.0;0.0;0.0;0.0;0.0;25.0;888.0
Paramoti;ASSENTAMENTO PAPEL;-4.19675;-39.56125;2019;5;85.0;0.0;0.0;0.0;0.0;0.0;0.0;0.0;0.0;0.0;26.0;0.0;0.0;0.0;0.0;20.0;0.0;0.0;0.0;0.0;0.0;0.0;25.0;0.0;0.0;14.0;0.0;0.0;0.0;0.0;0.0;0.0
Paramoti;ASSENTAMENTO PAPEL;-4.19675;-39.56125;2019;6;0.0;0.0;0.0;0.0;0.0;0.0;0.0;0.0;0.0;0.0;0.0;0.0;0.0;0.0;0.0;0.0;0.0;0.0;0.0;0.0;0.0;0.0;0.0;0.0;0.0;0.0;0.0;0.0;0.0;0.0;0.0;888.0
Paramoti;ASSENTAMENTO PAPEL;-4.19675;-39.56125;2019;7;0.0;0.0;0.0;0.0;0.0;0.0;0.0;0.0;0.0;999.0;0.0;0.0;0.0;0.0;0.0;0.0;0.0;0.0;0.0;0.0;0.0;0.0;0.0;0.0;0.0;0.0;0.0;0.0;0.0;0.0;0.0;0.0
Paramoti;ASSENTAMENTO PAPEL;-4.19675;-39.56125;2019;8;0.0;0.0;0.0;0.0;0.0;0.0;0.0;0.0;0.0;0.0;0.0;0.0;0.0;0.0;0.0;0.0;0.0;0.0;0.0;0.0;0.0;0.0;0.0;0.0;0.0;0.0;0.0;0.0;0.0;0.0;0.0;0.0
Paramoti;ASSENTAMENTO PAPEL;-4.19675;-39.56125;2019;9;0.0;0.0;0.0;0.0;0.0;0.0;0.0;0.0;0.0;0.0;0.0;0.0;0.0;0.0;0.0;0.0;0.0;0.0;0.0;0.0;0.0;0.0;0.0;0.0;0.0;0.0;0.0;0.0;0.0;0.0;0.0;888.0
Paramoti;ASSENTAMENTO PAPEL;-4.19675;-39.56125;2019;10;0.0;0.0;0.0;0.0;0.0;0.0;0.0;0.0;0.0;0.0;0.0;0.0;0.0;0.0;0.0;0.0;0.0;0.0;0.0;0.0;0.0;0.0;0.0;0.0;0.0;0.0;0.0;0.0;0.0;0.0;0.0;0.0
Paramoti;ASSENTAMENTO PAPEL;-4.19675;-39.56125;2019;11;0.0;0.0;0.0;0.0;0.0;0.0;0.0;0.0;0.0;0.0;0.0;0.0;0.0;0.0;0.0;0.0;0.0;0.0;0.0;0.0;0.0;0.0;0.0;0.0;0.0;0.0;0.0;0.0;0.0;0.0;0.0;888.0
Paramoti;ASSENTAMENTO PAPEL;-4.19675;-39.56125;2019;12;51.0;0.0;0.0;0.0;18.0;0.0;7.0;10.0;0.0;0.0;0.0;0.0;0.0;0.0;0.0;0.0;0.0;16.0;0.0;0.0;0.0;0.0;0.0;0.0;0.0;0.0;0.0;0.0;0.0;0.0;0.0;0.0
Paramoti;ASSENTAMENTO PAPEL;-4.19675;-39.56125;2020;1;31.0;0.0;0.0;0.0;0.0;0.0;0.0;0.0;0.0;0.0;0.0;0.0;0.0;0.0;0.0;0.0;0.0;0.0;0.0;0.0;0.0;0.0;0.0;0.0;0.0;0.0;0.0;31.0;0.0;0.0;0.0;0.0
Paramoti;ASSENTAMENTO PAPEL;-4.19675;-39.56125;2020;2;199.0;60.0;0.0;0.0;0.0;44.0;0.0;0.0;0.0;0.0;0.0;0.0;0.0;0.0;19.0;0.0;0.0;16.0;0.0;0.0;20.0;0.0;0.0;0.0;0.0;40.0;0.0;0.0;0.0;0.0;888.0;888.0
Paramoti;ASSENTAMENTO PAPEL;-4.19675;-39.56125;2020;3;255.0;0.0;0.0;0.0;0.0;75.0;0.0;13.0;0.0;0.0;0.0;0.0;0.0;0.0;37.0;0.0;22.0;0.0;0.0;33.0;0.0;0.0;0.0;0.0;0.0;56.0;0.0;0.0;0.0;0.0;0.0;19.0
Paramoti;ASSENTAMENTO PAPEL;-4.19675;-39.56125;2020;4;190.0;0.0;0.0;0.0;0.0;0.0;45.0;0.0;0.0;0.0;0.0;0.0;0.0;0.0;0.0;0.0;0.0;0.0;0.0;0.0;0.0;72.0;0.0;43.0;6.0;8.0;16.0;0.0;0.0;0.0;0.0;888.0
Paramoti;ASSENTAMENTO PAPEL;-4.19675;-39.56125;2020;5;51.0;0.0;0.0;0.0;0.0;7.0;0.0;0.0;0.0;0.0;0.0;0.0;0.0;0.0;0.0;0.0;0.0;0.0;0.0;0.0;26.0;0.0;0.0;0.0;18.0;0.0;0.0;0.0;0.0;0.0;0.0;0.0
Paramoti;ASSENTAMENTO PAPEL;-4.19675;-39.56125;2020;6;91.0;25.0;0.0;0.0;0.0;0.0;0.0;0.0;11.0;0.0;0.0;0.0;0.0;0.0;0.0;0.0;0.0;0.0;0.0;0.0;0.0;0.0;0.0;0.0;0.0;0.0;0.0;0.0;0.0;0.0;55.0;888.0
Paramoti;ASSENTAMENTO PAPEL;-4.19675;-39.56125;2020;7;27.0;0.0;0.0;0.0;0.0;0.0;0.0;27.0;0.0;0.0;0.0;0.0;0.0;0.0;0.0;0.0;0.0;0.0;0.0;0.0;0.0;0.0;0.0;0.0;0.0;0.0;0.0;0.0;0.0;0.0;0.0;0.0
Paramoti;ASSENTAMENTO PAPEL;-4.19675;-39.56125;2020;8;0.0;0.0;0.0;0.0;0.0;0.0;0.0;0.0;0.0;0.0;0.0;0.0;0.0;0.0;0.0;0.0;0.0;0.0;0.0;0.0;0.0;0.0;0.0;0.0;0.0;0.0;0.0;0.0;0.0;0.0;0.0;0.0
Paramoti;ASSENTAMENTO PAPEL;-4.19675;-39.56125;2020;9;0.0;0.0;0.0;0.0;0.0;0.0;0.0;0.0;0.0;0.0;0.0;0.0;0.0;0.0;0.0;0.0;0.0;0.0;0.0;0.0;0.0;0.0;0.0;0.0;0.0;0.0;0.0;0.0;0.0;0.0;0.0;888.0
Paramoti;ASSENTAMENTO PAPEL;-4.19675;-39.56125;2020;10;0.0;0.0;0.0;0.0;0.0;0.0;0.0;0.0;0.0;0.0;0.0;0.0;0.0;0.0;0.0;0.0;0.0;0.0;0.0;0.0;0.0;0.0;0.0;0.0;0.0;0.0;0.0;0.0;0.0;0.0;0.0;0.0
Paramoti;ASSENTAMENTO PAPEL;-4.19675;-39.56125;2020;11;0.0;0.0;0.0;0.0;0.0;0.0;0.0;0.0;0.0;0.0;0.0;0.0;0.0;0.0;0.0;0.0;0.0;0.0;0.0;0.0;0.0;0.0;0.0;0.0;0.0;0.0;0.0;0.0;0.0;0.0;0.0;888.0
Paramoti;ASSENTAMENTO PAPEL;-4.19675;-39.56125;2020;12;4.0;0.0;0.0;0.0;0.0;0.0;0.0;0.0;0.0;0.0;0.0;0.0;0.0;0.0;0.0;0.0;0.0;0.0;0.0;0.0;0.0;0.0;0.0;0.0;0.0;0.0;0.0;0.0;4.0;0.0;0.0;0.0
Paramoti;ASSENTAMENTO PAPEL;-4.19675;-39.56125;2021;1;21.0;0.0;0.0;0.0;0.0;0.0;0.0;0.0;0.0;0.0;0.0;0.0;0.0;9.0;0.0;0.0;0.0;0.0;0.0;0.0;0.0;0.0;12.0;0.0;0.0;0.0;0.0;0.0;0.0;0.0;0.0;0.0
Paramoti;ASSENTAMENTO PAPEL;-4.19675;-39.56125;2021;2;0.0;0.0;0.0;0.0;0.0;0.0;0.0;0.0;0.0;0.0;0.0;0.0;0.0;0.0;0.0;0.0;0.0;0.0;0.0;0.0;0.0;0.0;0.0;0.0;0.0;0.0;0.0;0.0;0.0;888.0;888.0;888.0
Paramoti;ASSENTAMENTO PAPEL;-4.19675;-39.56125;2021;3;136.0;50.0;0.0;0.0;0.0;0.0;0.0;0.0;0.0;49.0;0.0;0.0;0.0;0.0;0.0;0.0;0.0;0.0;0.0;0.0;0.0;0.0;0.0;0.0;0.0;29.0;8.0;0.0;0.0;0.0;0.0;0.0
Paramoti;ASSENTAMENTO PAPEL;-4.19675;-39.56125;2021;4;44.0;0.0;0.0;0.0;0.0;0.0;16.0;0.0;0.0;0.0;0.0;28.0;0.0;0.0;0.0;0.0;0.0;0.0;0.0;0.0;0.0;0.0;0.0;0.0;0.0;0.0;0.0;0.0;0.0;0.0;0.0;888.0
Paramoti;ASSENTAMENTO PAPEL;-4.19675;-39.56125;2021;5;89.0;0.0;0.0;0.0;0.0;44.0;0.0;25.0;0.0;0.0;0.0;0.0;0.0;20.0;0.0;0.0;0.0;0.0;0.0;0.0;0.0;0.0;0.0;0.0;0.0;999.0;999.0;999.0;999.0;999.0;999.0;999.0
